1.	29.27270	96.48280
2.	29.31810	96.53140
3.	29.36360	96.58010
4.	29.40900	96.62880
5.	29.45440	96.67750
6.	29.49980	96.72640
7.	29.54520	96.77520
8.	29.59060	96.82410
9.	29.63590	96.87310
10.	29.68120	96.92210
11.	29.72650	96.97110
12.	29.77180	97.02020
13.	29.81700	97.06940
14.	29.86220	97.11860
15.	29.90750	97.16780
16.	29.95260	97.21710
17.	29.99780	97.26650
18.	30.04290	97.31580
19.	30.08800	97.36530
20.	30.13310	97.41470
21.	30.17820	97.46430
22.	30.22320	97.51380
23.	30.26820	97.56350
24.	30.31320	97.61310
25.	30.35820	97.66290
26.	30.40320	97.71270
27.	30.44810	97.76250
28.	30.49300	97.81230
29.	30.53790	97.86230
30.	30.58280	97.91230
31.	30.62760	97.96230
32.	30.67250	98.01240
33.	30.71730	98.06250
34.	30.76200	98.11270
35.	30.80680	98.16290
36.	30.85150	98.21320
37.	30.89620	98.26350
38.	30.94090	98.31390
39.	30.98550	98.36430
40.	31.03020	98.41480
41.	31.07480	98.46530
42.	31.11940	98.51590
43.	31.16400	98.56660
44.	31.20850	98.61720
45.	31.25300	98.66800
46.	31.29750	98.71880
47.	31.38650	98.82050
48.	31.43090	98.87150
49.	31.47530	98.92250
50.	31.51970	98.97350
51.	31.56400	99.02460
52.	31.58620	99.05020
53.	31.63050	99.10140
54.	31.65270	99.12700
55.	31.69690	99.17820
56.	31.74120	99.22960
57.	31.78550	99.28100
58.	31.82970	99.33240
59.	31.87390	99.38380
60.	31.91800	99.43540
61.	31.96220	99.48700
62.	32.00630	99.53860
63.	32.05040	99.59030
64.	32.09450	99.64210
65.	32.13850	99.69390
66.	32.18250	99.74570
67.	32.22650	99.79760
68.	32.27050	99.84960
69.	32.31440	99.90160
70.	32.35840	99.95370
71.	32.40230	100.00580
72.	32.44620	100.05800
73.	32.49000	100.11030
74.	32.53380	100.16250
75.	32.57760	100.21490
76.	32.62130	100.26730
77.	32.66510	100.31970
78.	32.70880	100.37220
79.	32.75250	100.42480
80.	32.79620	100.47750
81.	32.83980	100.53020
82.	32.88350	100.58290
83.	32.92710	100.63570
84.	32.97060	100.68860
85.	33.01420	100.74150
86.	33.05770	100.79440
87.	33.10120	100.84750
88.	33.14460	100.90050
89.	33.18800	100.95370
90.	33.23140	101.00680
91.	33.27480	101.06010
92.	33.31820	101.11340
93.	33.36150	101.16680
94.	33.44810	101.27370
95.	33.49130	101.32720
96.	33.51290	101.35400
97.	33.55610	101.40760
98.	33.59930	101.46130
99.	33.64250	101.51500
100.	33.70720	101.59570
101.	33.72870	101.62270
102.	33.77180	101.67660
103.	33.81480	101.73050
104.	33.85780	101.78460
105.	33.90080	101.83870
106.	33.96530	101.92000
107.	33.98680	101.94710
108.	34.02970	102.00130
109.	34.07260	102.05570
110.	34.11540	102.11010
111.	34.15820	102.16450
112.	34.20100	102.21900
113.	34.24380	102.27360
114.	34.28650	102.32820
115.	34.32930	102.38290
116.	34.37200	102.43770
117.	34.41460	102.49250
118.	34.45730	102.54730
119.	34.49990	102.60230
120.	34.54250	102.65730
121.	34.58500	102.71230
122.	34.62750	102.76740
123.	34.67000	102.82260
124.	34.71250	102.87790
125.	34.75490	102.93320
126.	34.79730	102.98850
127.	34.83970	103.04390
128.	34.88200	103.09940
129.	34.92430	103.15490
130.	34.96660	103.21050
131.	35.00880	103.26620
132.	35.05100	103.32190
133.	35.09320	103.37760
134.	35.13540	103.43350
135.	35.17750	103.48940
136.	35.21960	103.54530
137.	35.26170	103.60140
138.	35.30380	103.65750
139.	35.34580	103.71370
140.	35.38780	103.76990
141.	35.42970	103.82620
142.	35.47160	103.88250
143.	35.51350	103.93890
144.	35.55540	103.99540
145.	35.59720	104.05190
146.	35.63910	104.10860
147.	35.68080	104.16520
148.	35.72260	104.22190
149.	35.76430	104.27870
150.	35.80590	104.33560
151.	35.84760	104.39250
152.	35.86840	104.42090
153.	35.91000	104.47800
154.	35.97230	104.56360
155.	36.01380	104.62080
156.	36.05530	104.67800
157.	36.09680	104.73530
158.	36.13820	104.79260
159.	36.17960	104.85010
160.	36.22090	104.90760
161.	36.26230	104.96510
162.	36.30360	105.02270
163.	36.34480	105.08040
164.	36.38610	105.13820
165.	36.42730	105.19600
166.	36.46850	105.25400
167.	36.50960	105.31190
168.	36.55070	105.37000
169.	36.59180	105.42810
170.	36.61230	105.45710
171.	36.65340	105.51540
172.	36.69440	105.57360
173.	36.73530	105.63190
174.	36.77630	105.69030
175.	36.81720	105.74880
176.	36.85800	105.80730
177.	36.91930	105.89520
178.	36.96000	105.95390
179.	37.02120	106.04210
180.	37.04150	106.07150
181.	37.08220	106.13040
182.	37.12280	106.18940
183.	37.16340	106.24840
184.	37.20400	106.30750
185.	37.24460	106.36670
186.	37.28510	106.42590
187.	37.32560	106.48520
188.	37.36600	106.54460
189.	37.40640	106.60400
190.	37.44680	106.66350
191.	37.48710	106.72310
192.	37.52740	106.78270
193.	37.56770	106.84250
194.	37.60800	106.90230
195.	37.64810	106.96210
196.	37.68830	107.02200
197.	37.72840	107.08200
198.	37.76860	107.14210
199.	37.80860	107.20220
200.	37.84860	107.26240
201.	37.88870	107.32270
202.	37.92860	107.38300
203.	37.96850	107.44350
204.	38.00840	107.50390
205.	38.04830	107.56450
206.	38.08810	107.62510
207.	38.12790	107.68580
208.	38.16760	107.74660
209.	38.20730	107.80740
210.	38.24700	107.86840
211.	38.28660	107.92930
212.	38.32630	107.99040
213.	38.36580	108.05150
214.	38.40530	108.11270
215.	38.44480	108.17400
216.	38.48430	108.23530
217.	38.52370	108.29670
218.	38.56310	108.35820
219.	38.60240	108.41970
220.	38.64170	108.48140
221.	38.68100	108.54310
222.	38.70060	108.57390
223.	38.72020	108.60480
224.	38.75940	108.66670
225.	38.79860	108.72860
226.	38.83770	108.79060
227.	38.87680	108.85260
228.	38.91590	108.91480
229.	38.95490	108.97700
230.	39.01330	109.07040
231.	39.03280	109.10160
232.	39.07170	109.16400
233.	39.11050	109.22650
234.	39.14940	109.28910
235.	39.18810	109.35170
236.	39.26560	109.47720
237.	39.30420	109.54010
238.	39.32350	109.57150
239.	39.34280	109.60300
240.	39.38140	109.66600
241.	39.42000	109.72910
242.	39.45850	109.79230
243.	39.49700	109.85550
244.	39.53540	109.91880
245.	39.61220	110.04570
246.	39.61220	110.04570
247.	39.68870	110.17280
248.	39.68870	110.17280
249.	39.72700	110.23650
250.	39.76520	110.30030
251.	39.80330	110.36410
252.	39.84150	110.42800
253.	39.87950	110.49200
254.	39.91760	110.55610
255.	39.95560	110.62030
256.	39.99360	110.68450
257.	40.03150	110.74880
258.	40.06930	110.81320
259.	40.10720	110.87760
260.	40.14500	110.94210
261.	40.18270	111.00670
262.	40.22040	111.07140
263.	40.25810	111.13620
264.	40.29580	111.20100
265.	40.33330	111.26590
266.	40.37090	111.33090
267.	40.40840	111.39600
268.	40.44590	111.46110
269.	40.48330	111.52630
270.	40.52070	111.59160
271.	40.55800	111.65700
272.	40.59530	111.72240
273.	40.63260	111.78800
274.	40.66980	111.85360
275.	40.70700	111.91920
276.	40.74410	111.98500
277.	40.81820	112.11670
278.	40.85530	112.18270
279.	40.89220	112.24880
280.	40.92910	112.31500
281.	40.96600	112.38120
282.	41.00290	112.44760
283.	41.03970	112.51410
284.	41.07650	112.58050
285.	41.11320	112.64710
286.	41.14980	112.71370
287.	41.18650	112.78040
288.	41.22300	112.84720
289.	41.25950	112.91400
290.	41.29600	112.98100
291.	41.33250	113.04800
292.	41.36890	113.11510
293.	41.40520	113.18230
294.	41.44150	113.24950
295.	41.47780	113.31690
296.	41.51400	113.38430
297.	41.55020	113.45180
298.	41.58630	113.51940
299.	41.62240	113.58700
300.	41.65840	113.65480
301.	41.69440	113.72260
302.	41.73040	113.79050
303.	41.76630	113.85850
304.	41.80210	113.92650
305.	41.83800	113.99460
306.	41.87370	114.06290
307.	41.90950	114.13120
308.	41.94510	114.19960
309.	41.98080	114.26810
310.	42.01640	114.33660
311.	42.05190	114.40530
312.	42.08740	114.47400
313.	42.12290	114.54280
314.	42.15830	114.61170
315.	42.19360	114.68060
316.	42.22890	114.74970
317.	42.26420	114.81880
318.	42.29940	114.88800
319.	42.33460	114.95730
320.	42.36970	115.02670
321.	42.40480	115.09610
322.	42.43980	115.16570
323.	42.47480	115.23540
324.	42.50980	115.30510
325.	42.54470	115.37490
326.	42.57950	115.44480
327.	42.61430	115.51470
328.	42.64900	115.58470
329.	42.68370	115.65490
330.	42.71840	115.72500
331.	42.75300	115.79530
332.	42.78750	115.86570
333.	42.82200	115.93610
334.	42.85650	116.00670
335.	42.89090	116.07730
336.	44.35460	119.26790
337.	44.62570	119.90340
338.	44.64150	119.94090
339.	44.67310	120.01620
340.	44.70460	120.09150
341.	44.73610	120.16690
342.	44.76760	120.24230
343.	44.79890	120.31790
344.	44.83030	120.39360
345.	44.86150	120.46930
346.	44.89280	120.54510
347.	44.92390	120.62110
348.	44.95500	120.69710
349.	44.98610	120.77320
350.	45.01710	120.84940
351.	45.04800	120.92570
352.	45.07890	121.00200
353.	45.12510	121.11670
354.	45.15580	121.19320
355.	45.18650	121.26990
356.	45.21710	121.34660
357.	45.24770	121.42340
358.	45.27820	121.50030
359.	45.30860	121.57730
360.	45.33900	121.65440
361.	45.36930	121.73160
362.	45.39960	121.80880
363.	45.42980	121.88620
364.	45.46000	121.96360
365.	45.49010	122.04110
366.	45.52010	122.11870
367.	45.55010	122.19640
368.	45.58000	122.27420
369.	45.60990	122.35210
370.	45.63970	122.43000
371.	45.66940	122.50810
372.	45.69910	122.58620
373.	45.72880	122.66440
374.	45.74350	122.70360
375.	45.77310	122.78190
376.	45.80250	122.86030
377.	45.83200	122.93880
378.	45.86130	123.01740
379.	45.93440	123.21430
380.	45.93440	123.21430
381.	45.96360	123.29320
382.	45.99270	123.37220
383.	46.02170	123.45130
384.	46.05070	123.53050
385.	46.07960	123.60980
386.	46.12280	123.72880
387.	46.16590	123.84810
388.	46.19460	123.92780
389.	46.22320	124.00750
390.	46.25170	124.08730
391.	46.28020	124.16720
392.	46.30860	124.24720
393.	46.33700	124.32720
394.	46.36530	124.40740
395.	46.39350	124.48760
396.	46.42170	124.56790
397.	46.44980	124.64830
398.	46.47780	124.72880
399.	46.50580	124.80940
400.	46.53370	124.89000
401.	46.56160	124.97080
402.	46.60320	125.09210
403.	46.63090	125.17310
404.	46.67240	125.29470
405.	46.69990	125.37590
406.	46.72740	125.45710
407.	46.75480	125.53850
408.	46.78210	125.61990
409.	46.80940	125.70150
410.	46.83660	125.78310
411.	46.86380	125.86480
412.	46.89090	125.94670
413.	46.91790	126.02850
414.	46.95830	126.15150
415.	46.99860	126.27470
416.	47.02540	126.35700
417.	47.05210	126.43930
418.	47.07870	126.52170
419.	47.10530	126.60420
420.	47.13180	126.68680
421.	47.15820	126.76940
422.	47.21090	126.93500
423.	47.23710	127.01790
424.	47.26330	127.10090
425.	47.28940	127.18400
426.	47.34140	127.35050
427.	47.36730	127.43380
428.	47.39320	127.51720
429.	47.41890	127.60070
430.	47.44460	127.68430
431.	47.47030	127.76800
432.	47.49590	127.85180
433.	47.52140	127.93570
434.	47.54680	128.01960
435.	47.77270	128.77900
436.	49.13190	134.01440
437.	50.21710	139.52680
438.	51.00480	145.26990
439.	51.47370	151.12750
440.	51.52940	152.32160
441.	51.53140	152.37150
442.	51.53540	152.47110
443.	51.53930	152.57080
444.	51.54320	152.67050
445.	51.54690	152.77030
446.	51.55050	152.87000
447.	51.55410	152.96970
448.	51.55750	153.06950
449.	51.56090	153.16930
450.	51.56410	153.26910
451.	51.56730	153.36890
452.	51.57040	153.46870
453.	51.57340	153.56850
454.	51.57630	153.66830
455.	51.57910	153.76820
456.	51.58180	153.86810
457.	51.58440	153.96800
458.	51.58690	154.06780
459.	51.58940	154.16770
460.	51.59170	154.26770
461.	51.59510	154.41760
462.	51.59720	154.51750
463.	51.59920	154.61750
464.	51.60110	154.71740
465.	51.60300	154.81740
466.	51.60470	154.91740
467.	51.60640	155.01730
468.	51.60790	155.11730
469.	51.60940	155.21730
470.	51.61080	155.31730
471.	51.61210	155.41730
472.	51.61330	155.51730
473.	51.61440	155.61740
474.	51.61540	155.71740
475.	51.61580	155.76740
476.	51.61670	155.86750
477.	51.61750	155.96750
478.	51.61820	156.06750
479.	51.61870	156.16760
480.	51.61920	156.26760
481.	51.61970	156.36760
482.	51.62000	156.46770
483.	51.62010	156.51770
484.	51.62030	156.61780
485.	51.62040	156.76780
486.	51.62030	156.86790
487.	51.62020	156.91790
488.	51.62000	157.01790
489.	51.61980	157.11800
490.	51.61940	157.21810
491.	51.61890	157.31810
492.	51.61830	157.41810
493.	51.61770	157.51810
494.	51.61690	157.61830
495.	51.61610	157.71830
496.	51.61520	157.81840
497.	51.61410	157.91840
498.	51.61300	158.01850
499.	51.61180	158.11850
500.	51.61050	158.21850
501.	51.60910	158.31850
502.	51.60760	158.41850
503.	51.60600	158.51860
504.	51.60440	158.61850
505.	51.60260	158.71850
506.	51.60080	158.81850
507.	51.59880	158.91840
508.	51.59680	159.01840
509.	51.59460	159.11840
510.	51.59240	159.21830
511.	51.59010	159.31820
512.	51.58770	159.41820
513.	51.58520	159.51800
514.	51.58260	159.61800
515.	51.57990	159.71790
516.	51.57710	159.81770
517.	51.57420	159.91760
518.	51.57130	160.01740
519.	51.56820	160.11720
520.	51.56510	160.21700
521.	51.56180	160.31680
522.	51.55850	160.41660
523.	51.55510	160.51640
524.	51.55160	160.61610
525.	51.54800	160.71590
526.	51.54430	160.81560
527.	51.54050	160.91530
528.	51.53660	161.01500
529.	51.53260	161.11460
530.	51.52860	161.21430
531.	51.52440	161.31390
532.	51.52020	161.41350
533.	51.51580	161.51300
534.	51.51140	161.61260
535.	51.50690	161.71210
536.	51.50220	161.81170
537.	51.49750	161.91120
538.	51.49270	162.01070
539.	51.48780	162.11010
540.	51.48290	162.20950
541.	51.47780	162.30900
542.	51.47260	162.40830
543.	51.46200	162.60710
544.	51.45660	162.70640
545.	51.45110	162.80570
546.	51.44540	162.90490
547.	51.43970	163.00420
548.	51.43390	163.10340
549.	51.42800	163.20260
550.	51.42200	163.30180
551.	51.41600	163.40090
552.	51.40980	163.50000
553.	51.40350	163.59910
554.	51.39720	163.69820
555.	51.39080	163.79720
556.	51.38420	163.89610
557.	51.37760	163.99510
558.	51.37090	164.09400
559.	51.36410	164.19290
560.	51.35720	164.29180
561.	51.35020	164.39060
562.	51.34320	164.48950
563.	51.33600	164.58820
564.	51.32870	164.68700
565.	51.32140	164.78570
566.	51.31400	164.88430
567.	51.30640	164.98300
568.	51.29880	165.08160
569.	51.29110	165.18010
570.	51.28330	165.27870
571.	51.27540	165.37720
572.	51.26750	165.47560
573.	51.25940	165.57410
574.	51.25130	165.67250
575.	51.24300	165.77080
576.	51.23470	165.86920
577.	51.22620	165.96750
578.	51.21770	166.06600
579.	51.20910	166.16410
580.	51.20040	166.26230
581.	51.19160	166.36050
582.	51.18280	166.45860
583.	51.17380	166.55660
584.	51.16480	166.65460
585.	51.15560	166.75260
586.	51.14640	166.85050
587.	51.13710	166.94840
588.	51.12770	167.04630
589.	51.11820	167.14410
590.	51.10860	167.24190
591.	51.09890	167.33970
592.	51.08920	167.43740
593.	51.07930	167.53510
594.	51.06940	167.63270
595.	51.05940	167.73020
596.	51.04920	167.82770
597.	51.03900	167.92520
598.	51.02870	168.02270
599.	51.01840	168.12010
600.	51.00790	168.21740
601.	50.99730	168.31470
602.	50.92100	168.99440
603.	50.09390	174.71100
604.	48.98260	-179.85460
605.	47.59230	-174.65480
606.	45.95760	-169.76120
607.	44.10550	-165.18140
608.	42.06220	-160.90940
609.	39.87160	-156.96290
610.	37.51890	-153.25440
611.	35.04210	-149.79430
612.	32.45870	-146.55730
613.	29.78460	-143.51850
614.	27.05640	-140.67660
615.	24.24000	-137.96140
616.	21.36840	-135.37610
617.	18.45120	-132.90100
618.	15.49630	-130.51790
619.	12.53570	-128.22830
620.	9.52670	-125.97820
621.	6.49740	-123.76830
622.	3.45890	-121.59170
623.	0.41460	-119.43090
624.	-2.60480	-117.29020
625.	-5.64520	-115.11960
626.	-8.67530	-112.92360
627.	-11.68940	-110.68790
628.	-14.68140	-108.39770
629.	-17.62020	-106.05730
630.	-20.54830	-103.61080
631.	-23.43280	-101.05960
632.	-26.26470	-98.38460
633.	-29.03420	-95.56470
634.	-31.70760	-92.60350
635.	-34.31680	-89.42750
636.	-36.82450	-86.03560
637.	-39.21330	-82.40290
638.	-41.46380	-78.50500
639.	-43.53780	-74.35600
640.	-45.44620	-69.86920
641.	-47.14530	-65.06960
642.	-48.60810	-59.96060
643.	-49.80780	-54.56170
644.	-50.71340	-48.95900
645.	-51.31910	-43.11630
646.	-51.60120	-37.15470
647.	-51.55250	-31.16100
648.	-51.17870	-25.27410
649.	-50.48310	-19.47960
650.	-49.48430	-13.89810
651.	-48.20460	-8.58120
652.	-46.66970	-3.56190
653.	-44.92180	1.10810
654.	-42.95840	5.50670
655.	-40.81840	9.60530
656.	-38.52530	13.42260
657.	-36.10000	16.98170
658.	-33.56100	20.30730
659.	-30.94710	23.39960
660.	-28.22860	26.33510
661.	-25.43960	29.11020
662.	-22.59140	31.74670
663.	-19.69350	34.26500
664.	-16.77910	36.66430
665.	-13.80680	39.00220
666.	-12.56010	39.95610
667.	-12.56010	39.95610
668.	-12.51010	39.99410
669.	-12.46010	40.03200
670.	-12.41010	40.06990
671.	-12.36020	40.10780
672.	-12.31020	40.14570
673.	-12.26020	40.18360
674.	-12.21020	40.22140
675.	-12.16020	40.25920
676.	-12.11020	40.29700
677.	-12.06020	40.33480
678.	-12.01010	40.37260
679.	-11.93510	40.42920
680.	-11.91010	40.44810
681.	-11.86000	40.48580
682.	-11.81000	40.52350
683.	-11.75990	40.56120
684.	-11.70990	40.59890
685.	-11.65980	40.63660
686.	-11.60980	40.67420
687.	-11.55970	40.71190
688.	-11.50960	40.74950
689.	-11.45950	40.78720
690.	-11.40930	40.82480
691.	-11.35930	40.86230
692.	-11.30910	40.89990
693.	-11.25900	40.93740
694.	-11.20890	40.97500
695.	-11.15880	41.01250
696.	-11.10870	41.05000
697.	-11.05850	41.08750
698.	-11.00840	41.12500
699.	-10.95830	41.16240
700.	-10.90810	41.19990
701.	-10.80780	41.27470
702.	-10.75760	41.31210
703.	-10.70740	41.34950
704.	-10.65730	41.38690
705.	-10.60710	41.42430
706.	-10.55690	41.46160
707.	-10.50670	41.49900
708.	-10.45650	41.53630
709.	-10.40630	41.57360
710.	-10.35610	41.61090
711.	-10.30590	41.64820
712.	-10.25560	41.68540
713.	-10.20540	41.72270
714.	-10.15520	41.75990
715.	-10.10500	41.79720
716.	-10.05470	41.83440
717.	-10.00450	41.87160
718.	-9.95420	41.90880
719.	-9.90400	41.94600
720.	-9.85370	41.98310
721.	-9.80340	42.02030
722.	-9.75320	42.05740
723.	-9.70290	42.09460
724.	-9.65260	42.13170
725.	-9.60230	42.16880
726.	-9.55200	42.20580
727.	-9.50170	42.24290
728.	-9.45140	42.28000
729.	-9.40110	42.31710
730.	-9.35080	42.35410
731.	-9.30050	42.39120
732.	-9.25010	42.42820
733.	-9.19980	42.46520
734.	-9.14950	42.50220
735.	-9.09910	42.53920
736.	-9.04880	42.57610
737.	-8.99850	42.61310
738.	-8.94810	42.65010
739.	-8.89770	42.68700
740.	-8.84740	42.72390
741.	-8.79700	42.76080
742.	-8.74670	42.79780
743.	-8.69630	42.83470
744.	-8.64590	42.87150
745.	-8.59550	42.90840
746.	-8.54510	42.94530
747.	-8.49470	42.98210
748.	-8.44430	43.01900
749.	-8.39390	43.05580
750.	-8.34350	43.09260
751.	-8.29310	43.12940
752.	-8.24270	43.16620
753.	-8.19230	43.20300
754.	-8.14190	43.23980
755.	-8.09150	43.27660
756.	-8.04100	43.31330
757.	-7.99060	43.35010
758.	-7.94020	43.38680
759.	-7.88970	43.42350
760.	-7.78880	43.49700
761.	-4.78070	45.66570
762.	-1.73880	47.83130
763.	1.30640	49.98920
764.	4.34930	52.15300
765.	7.38440	54.33640
766.	10.38110	56.53490
767.	13.38390	58.79990
768.	16.36120	61.12830
769.	19.08620	63.35240
770.	19.11060	63.37280
771.	19.15940	63.41360
772.	19.20820	63.45440
773.	19.25700	63.49530
774.	19.30580	63.53620
775.	19.35450	63.57710
776.	19.40330	63.61800
777.	19.45200	63.65900
778.	19.50080	63.70000
779.	19.57380	63.76150
780.	19.59820	63.78200
781.	19.64690	63.82310
782.	19.69560	63.86420
783.	19.74430	63.90530
784.	19.79290	63.94650
785.	19.84160	63.98770
786.	19.89020	64.02890
787.	19.93890	64.07010
788.	19.98750	64.11140
789.	20.03610	64.15270
790.	20.08470	64.19400
791.	20.13330	64.23530
792.	20.18180	64.27670
793.	20.23040	64.31810
794.	20.27900	64.35960
795.	20.32750	64.40100
796.	20.37600	64.44250
797.	20.42450	64.48400
798.	20.47300	64.52560
799.	20.52150	64.56720
800.	20.57000	64.60880
801.	20.61850	64.65040
802.	20.66690	64.69210
803.	20.71530	64.73370
804.	20.76370	64.77550
805.	20.81220	64.81720
806.	20.86060	64.85900
807.	20.90900	64.90080
808.	20.95730	64.94270
809.	21.00570	64.98450
810.	21.10240	65.06840
811.	21.15070	65.11030
812.	21.19900	65.15230
813.	21.24730	65.19430
814.	21.29560	65.23640
815.	21.34380	65.27840
816.	21.39210	65.32050
817.	21.44030	65.36270
818.	21.48860	65.40480
819.	21.53680	65.44700
820.	21.58500	65.48930
821.	21.63320	65.53150
822.	21.68140	65.57380
823.	21.72950	65.61620
824.	21.77770	65.65850
825.	21.82590	65.70090
826.	21.87400	65.74330
827.	21.92210	65.78580
828.	21.97020	65.82830
829.	22.01830	65.87080
830.	22.06640	65.91330
831.	22.11450	65.95590
832.	22.16250	65.99850
833.	22.21060	66.04120
834.	22.25860	66.08390
835.	22.30660	66.12660
836.	22.35460	66.16930
837.	22.40260	66.21210
838.	22.45060	66.25490
839.	22.49850	66.29770
840.	22.54650	66.34060
841.	22.59440	66.38350
842.	22.64230	66.42640
843.	22.66630	66.44790
844.	22.69020	66.46940
845.	22.73810	66.51240
846.	22.78600	66.55540
847.	22.83390	66.59850
848.	22.92950	66.68480
849.	22.97740	66.72790
850.	23.02520	66.77110
851.	23.07300	66.81440
852.	23.12080	66.85770
853.	23.16850	66.90100
854.	23.21630	66.94430
855.	23.26400	66.98770
856.	23.31170	67.03110
857.	23.35940	67.07450
858.	23.40710	67.11800
859.	23.45480	67.16150
860.	23.50250	67.20500
861.	23.55010	67.24860
862.	23.59780	67.29220
863.	23.64540	67.33590
864.	23.69300	67.37960
865.	23.74060	67.42330
866.	23.78810	67.46700
867.	23.83570	67.51080
868.	23.88330	67.55470
869.	23.93080	67.59850
870.	23.97830	67.64240
871.	24.02580	67.68630
872.	24.07330	67.73030
873.	24.12080	67.77430
874.	24.16820	67.81840
875.	24.21570	67.86240
876.	24.26310	67.90650
877.	24.28680	67.92860
878.	24.33420	67.97280
879.	24.45270	68.08340
880.	24.47640	68.10550
881.	24.47640	68.10550
882.	24.52370	68.14980
883.	24.57100	68.19420
884.	24.61830	68.23850
885.	24.66560	68.28300
886.	24.71290	68.32740
887.	24.76010	68.37190
888.	24.80740	68.41640
889.	24.85460	68.46100
890.	24.90180	68.50560
891.	24.94900	68.55020
892.	24.99620	68.59490
893.	25.04340	68.63960
894.	25.09060	68.68440
895.	25.13770	68.72920
896.	25.18480	68.77400
897.	25.23190	68.81890
898.	25.27900	68.86380
899.	25.32610	68.90880
900.	25.37310	68.95380
901.	25.42020	68.99880
902.	25.46720	69.04380
903.	25.51420	69.08890
904.	25.56120	69.13410
905.	25.60820	69.17930
906.	25.65520	69.22450
907.	25.70210	69.26970
908.	27.84250	71.39530
909.	30.57250	74.30820
